13-1071_0 15 93 106 46 180 192
13-1071_1 24 99 126 45 175 198
13-1071_2 26 98 122 49 174 194
13-1071_3 24 99 126 45 175 198
13-1071_4 26 98 119 48 174 189
13-1071_5 24 99 121 44 169 193
13-1071_6 24 99 121 44 169 192
13-2058_0 18 115 214 34 162 250
13-2058_1 18 108 192 34 157 227
13-2058_2 18 112 193 34 156 229
13-2058_3 20 120 185 34 162 253
13-2058_4 20 120 207 37 164 249
13-2058_5 19 118 212 29 159 251
13-2058_6 18 119 216 29 161 255
13-2688_0 17 113 107 41 172 156
13-2688_1 20 116 107 45 172 155
13-2688_2 19 116 109 45 169 157
13-2688_3 20 119 105 42 173 151
13-2688_4 22 119 110 45 173 155
13-2688_5 20 115 118 41 168 161
13-3131_0 9 99 134 51 180 196
13-3131_1 16 101 132 52 171 192
13-3131_2 18 104 132 55 170 192
13-3131_3 16 106 129 55 177 191
13-3131_4 17 102 128 56 175 187
13-3131_5 16 102 122 49 175 181
13-3131_6 18 103 136 49 176 197
13-4146_0 24 79 121 47 137 187
13-4146_1 27 82 121 47 132 183
13-4146_2 31 83 118 51 132 184
13-4146_3 29 84 122 47 130 191
13-4146_4 27 87 122 46 131 186
13-4146_5 29 88 125 47 126 183
13-4146_6 28 84 125 45 123 186
13-9052_0 14 117 117 51 180 182
13-9052_1 15 123 109 50 178 186
13-9052_2 18 124 131 50 178 185
13-9052_3 19 127 129 50 175 182
13-9052_4 20 129 132 50 176 182
13-9052_5 21 130 133 49 173 180
13-9052_6 20 130 136 47 173 182
13-9742_0 8 70 158 54 162 250
13-9742_1 11 73 155 57 161 245
13-9742_2 10 70 164 56 162 250
13-9742_3 11 70 159 57 159 247
13-9742_4 11 78 168 54 161 247
13-9742_5 13 78 175 54 159 245
13-9742_6 9 79 164 53 153 238
13-10007_0 16 62 193 31 129 239
13-10007_1 22 71 208 32 127 258
13-10007_2 24 70 206 34 129 250
13-10007_3 25 76 208 35 128 256
13-10007_4 22 72 208 32 127 251
13-10007_5 20 67 207 31 127 258
13-10007_6 22 67 207 33 131 250
14-0628_0 21 84 182 37 146 239
14-0628_1 23 83 182 39 152 235
14-0628_2 20 97 186 35 151 236
14-0628_3 21 101 185 37 147 233
14-0628_4 20 81 171 38 144 230
14-0628_5 23 85 179 43 147 232
14-0628_6 24 84 190 41 148 242
